12.805949915776464
15.310639921872735
17.484294011351246
17.78582780884635
14.737223220322692
15.847392037385895
12.537441939717322
18.698672828103447
17.20889024445542
19.87247154456321
12.379880897831601
18.96055430351462
18.32558283503606
11.891011520458875
19.78361782031927
17.98854857736969
13.718906168852214
12.724514251785624
18.67446311815521
12.95748945995605
14.908355351032865
18.23196647944942
17.774516760055295
12.898664623780185
14.203840141967875
11.408265155340247
14.785433849578672
13.979934743372874
18.095916898007683
14.232334713949482
13.49314885401283
10.469530458560243
17.65210616580547
10.725197496348816
15.403248511275152
19.879929425977934
18.822428416059672
18.078657987994724
19.557201412560786
10.094850677578922
17.754562054963497
18.428145417102876
19.03316734751979
10.901546938550453
16.228794908139957
19.868652891908113
10.301125877681082
12.28221614553051
10.145196871771589
11.650604351186338
